"seed"
635
981
899
547
74
530
529
822
175
732
810
535
688
137
92
211
714
730
469
973
616
187
398
178
255
223
614
384
963
201
434
297
718
49
191
626
140
72
493
403
843
521
618
781
542
966
19
720
46
254
784
188
357
39
778
779
494
570
604
456
776
701
997
915
891
940
357
379
258
618
199
80
642
631
655
217
890
389
742
715
439
915
582
770
802
53
672
418
520
243
294
100
174
710
53
7
372
239
999
627
19
11
941
744
647
865
316
248
980
209
203
306
356
994
503
84
699
659
365
844
139
83
491
132
982
550
304
20
308
680
695
138
269
843
596
561
382
86
286
520
194
915
353
240
642
102
488
347
995
524
223
560
903
725
558
398
915
711
345
302
982
768
42
193
525
888
417
188
275
710
408
203
55
422
879
807
572
625
939
616
710
532
67
703
365
717
507
270
409
129
133
961
288
887
109
136
583
998
75
572
207
269
652
301
451
301
303
936
552
412
867
496
188
895
29
472
406
48
887
388
869
217
316
649
709
983
122
208
636
816
895
803
706
651
227
756
385
99
949
951
236
837
524
269
2
558
559
236
114
137
565
366
831
788
346
270
721
826
737
525
903
698
171
868
302
728
724
801
212
127
69
243
21
918
718
898
382
816
102
898
881
352
760
406
971
534
923
437
921
480
189
879
645
297
442
576
61
597
961
542
945
383
633
852
342
217
517
144
36
459
867
23
278
45
9
964
756
445
119
536
77
200
155
543
586
923
430
625
772
310
936
481
600
7
660
913
849
931
508
479
581
925
888
572
979
800
942
634
866
755
551
881
836
422
440
742
691
670
541
464
368
807
943
609
228
431
772
435
744
803
83
913
800
381
696
479
504
205
281
779
543
146
408
938
469
575
412
669
207
840
769
519
58
359
652
169
252
577
477
155
720
493
118
560
228
773
933
366
465
282
717
223
903
600
872
602
269
2
566
350
416
832
27
402
605
269
157
101
318
110
668
183
656
981
111
201
283
84
272
515
454
842
739
517
4
287
894
302
141
365
305
266
444
616
944
420
312
887
607
174
793
37
349
492
349
883
735
212
584
163
664
705
378
896
898
370
692
860
235
809
985
311
129
711
391
998
117
876
426
893
334
274
993
137
240
545
604
228
180
717
582
222
230
947
245
49
41
656
758
641
941
545
92
811
948
976
213
574
309
235
518
101
68
928
616
336
73
515
913
704
861
971
216
529
838
340
31
277
370
13
931
645
964
748
746
493
577
65
203
342
587
138
544
670
811
873
899
575
753
617
99
868
168
74
100
807
603
140
844
389
701
102
425
371
946
815
852
280
966
895
503
724
316
675
760
376
267
370
369
495
391
474
500
832
142
549
224
97
319
299
314
586
314
326
961
614
990
696
11
7
337
853
288
276
899
626
523
329
163
54
695
249
874
70
102
167
135
137
89
180
952
425
79
951
455
234
608
258
506
685
782
609
639
174
309
607
249
806
673
851
173
586
323
67
220
53
735
28
150
448
102
353
124
873
223
751
705
390
917
987
778
173
475
231
677
372
815
2
89
27
338
232
185
863
693
765
619
42
741
745
130
46
206
712
260
328
521
626
659
960
118
485
671
365
187
520
464
145
940
463
543
118
90
412
256
610
694
587
320
678
847
698
656
78
416
435
809
4
327
129
790
92
863
324
519
314
165
575
938
334
771
855
546
498
402
812
13
887
60
520
406
990
803
398
844
240
57
517
507
308
613
755
654
28
959
444
76
870
990
640
578
816
241
252
717
78
973
23
90
789
638
915
237
588
876
549
744
248
427
69
91
499
920
102
914
148
214
768
418
742
598
479
525
736
732
531
43
186
885
906
632
873
267
360
110
283
392
488
339
349
162
797
289
149
775
367
98
406
550
83
814
524
470
194
925
553
281
690
287
122
504
647
97
637
310
404
482
685
306
478
720
830
742
368
265
780
708
153
198
189
204
141
715
609
268
595
357
878
188
914
447
539
460
144
961
925
114
904
867
504
890
766
47
139
812
562
808
975
733
83
623
17
306
375
950
679
794
869
454
78
181
956
144
765
963
196
760
844
810
585
812
933
375
389
807
425
670
593
412
55
123
793
280
105
177
904
935
427
408
331
302
386
484
693
662
196
846
165
212
88
865
643
697
522
412
979
892
661
699
210
517
322
530
639
77
540
492
579
2
692
964
415
486
681
531
439
89
342
840
560
441
46
889
773
82
406
905
666
453
300
782
692
998
319
373
116
147
324
152
313
66
376
61
2
15
161
867
697
670
416
